933000120117314	933000120117314
933000120117316	933000120117316
933000120117319	933000120117319
933000120138357	933000120138357
933000120138359	933000120138359
933000120138360	933000120138360
933000120138361	933000120138361
933000120138362	933000120138362
933000120138364	933000120138364
933000120138365	933000120138365
933000120138367	933000120138367
933000120138369	933000120138369
933000120138372	933000120138372
933000120138373	933000120138373
933000120138374	933000120138374
933000120138376	933000120138376
933000120138380	933000120138380
933000120138431	933000120138431
933000120138435	933000120138435
933000120138446	933000120138446
933000120138453	933000120138453
933000120138457	933000120138457
933000120138459	933000120138459
933000120138460	933000120138460
933000120138461	933000120138461
933000120138462	933000120138462
933000120138463	933000120138463
933000120138464	933000120138464
933000120138465	933000120138465
933000120138466	933000120138466
933000120138468	933000120138468
933000120138469	933000120138469
933000120138471	933000120138471
933000120138472	933000120138472
933000120138473	933000120138473
933000120138474	933000120138474
933000120138476	933000120138476
933000120138477	933000120138477
933000120138478	933000120138478
933000120138479	933000120138479
933000120138480	933000120138480
933000120138481	933000120138481
933000120138482	933000120138482
933000120138483	933000120138483
933000120138484	933000120138484
933000120138485	933000120138485
933000120138486	933000120138486
933000120138487	933000120138487
933000120138491	933000120138491
933000120138492	933000120138492
933000120138493	933000120138493
933000120138495	933000120138495
933000120138497	933000120138497
933000120138498	933000120138498
933000120138499	933000120138499
933000120138501	933000120138501
933000120138505	933000120138505
933000120138507	933000120138507
933000120138509	933000120138509
933000120138511	933000120138511
933000120138513	933000120138513
933000120138516	933000120138516
933000120138517	933000120138517
933000120138519	933000120138519
933000120138521	933000120138521
933000120138522	933000120138522
933000120138523	933000120138523
933000120138525	933000120138525
933000120138526	933000120138526
933000120138527	933000120138527
933000120138528	933000120138528
933000120138529	933000120138529
933000120138530	933000120138530
933000120138531	933000120138531
933000120138532	933000120138532
933000120138535	933000120138535
933000120138536	933000120138536
933000120138538	933000120138538
933000120138539	933000120138539
933000120138540	933000120138540
933000120138542	933000120138542
933000120138543	933000120138543
933000120138546	933000120138546
933000120138547	933000120138547
933000120138548	933000120138548
933000120138550	933000120138550
933000120138553	933000120138553
933000120138554	933000120138554
933000320045627	933000320045627
933000320045629	933000320045629
933000320045633	933000320045633
933000320045635	933000320045635
933000320045638	933000320045638
933000320045641	933000320045641
933000320045642	933000320045642
933000320045645	933000320045645
933000320045646	933000320045646
933000320045648	933000320045648
933000320045650	933000320045650
933000320045801	933000320045801
933000320045806	933000320045806
933000320045807	933000320045807
933000320045808	933000320045808
933000320045810	933000320045810
933000320045813	933000320045813
933000320045814	933000320045814
933000320045816	933000320045816
933000320045817	933000320045817
933000320045819	933000320045819
933000320045823	933000320045823
933000320045825	933000320045825
933000320045928	933000320045928
933000320045929	933000320045929
933000320045932	933000320045932
933000320045935	933000320045935
933000320045940	933000320045940
933000320045943	933000320045943
933000320045947	933000320045947
933000320045976	933000320045976
933000320045977	933000320045977
933000320045979	933000320045979
933000320045980	933000320045980
933000320045981	933000320045981
933000320045982	933000320045982
933000320045983	933000320045983
933000320045984	933000320045984
933000320045986	933000320045986
933000320045987	933000320045987
933000320045989	933000320045989
933000320045991	933000320045991
933000320045996	933000320045996
933000320045999	933000320045999
933000320046000	933000320046000
933000320046031	933000320046031
933000320046039	933000320046039
933000320046043	933000320046043
933000320046155	933000320046155
933000320046157	933000320046157
933000320046160	933000320046160
933000320046162	933000320046162
933000320046163	933000320046163
933000320046164	933000320046164
933000320046277	933000320046277
933000320046278	933000320046278
933000320046279	933000320046279
933000320046280	933000320046280
933000320046281	933000320046281
933000320046283	933000320046283
933000320046285	933000320046285
933000320046286	933000320046286
933000320046287	933000320046287
933000320046289	933000320046289
933000320046290	933000320046290
933000320046291	933000320046291
933000320046293	933000320046293
933000320046294	933000320046294
933000320046295	933000320046295
933000320046296	933000320046296
933000320046297	933000320046297
933000320046300	933000320046300
933000320046302	933000320046302
933000320046303	933000320046303
933000320046304	933000320046304
933000320046305	933000320046305
933000320046306	933000320046306
933000320046307	933000320046307
933000320046308	933000320046308
933000320046309	933000320046309
933000320046311	933000320046311
933000320046312	933000320046312
933000320046314	933000320046314
933000320046315	933000320046315
933000320046316	933000320046316
933000320046317	933000320046317
933000320046318	933000320046318
933000320046319	933000320046319
933000320046320	933000320046320
933000320046321	933000320046321
933000320046322	933000320046322
933000320046324	933000320046324
933000320046325	933000320046325
933000320046358	933000320046358
933000320046365	933000320046365
933000320046371	933000320046371
933000320046372	933000320046372
933000320046401	933000320046401
933000320046402	933000320046402
933000320046403	933000320046403
933000320046404	933000320046404
933000320046405	933000320046405
933000320046406	933000320046406
933000320046407	933000320046407
933000320046408	933000320046408
933000320046409	933000320046409
933000320046410	933000320046410
933000320046411	933000320046411
933000320046412	933000320046412
933000320046413	933000320046413
933000320046414	933000320046414
933000320046415	933000320046415
933000320046416	933000320046416
933000320046418	933000320046418
933000320046419	933000320046419
933000320046421	933000320046421
933000320046422	933000320046422
933000320046423	933000320046423
933000320046424	933000320046424
933000320046451	933000320046451
933000320046455	933000320046455
933000320046456	933000320046456
933000320046459	933000320046459
933000320046461	933000320046461
933000320046465	933000320046465
933000320046466	933000320046466
933000320046467	933000320046467
933000320046470	933000320046470
933000320046472	933000320046472
933000320046473	933000320046473
933000320046480	933000320046480
933000320046487	933000320046487
933000320046501	933000320046501
933000320046502	933000320046502
933000320046504	933000320046504
933000320046505	933000320046505
933000320046506	933000320046506
933000320046507	933000320046507
933000320046508	933000320046508
933000320046509	933000320046509
933000320046510	933000320046510
933000320046511	933000320046511
933000320046512	933000320046512
933000320046513	933000320046513
933000320046514	933000320046514
933000320046515	933000320046515
933000320046516	933000320046516
933000320046517	933000320046517
933000320046523	933000320046523
933000320046525	933000320046525
933000320046554	933000320046554
933000320046556	933000320046556
933000320046557	933000320046557
933000320046562	933000320046562
933000320046567	933000320046567
933000320046626	933000320046626
933000320046628	933000320046628
933000320046629	933000320046629
933000320046630	933000320046630
933000320046631	933000320046631
933000320046632	933000320046632
933000320046633	933000320046633
933000320046634	933000320046634
933000320046635	933000320046635
933000320046636	933000320046636
933000320046637	933000320046637
933000320046638	933000320046638
933000320046639	933000320046639
933000320046640	933000320046640
933000320046641	933000320046641
933000320046642	933000320046642
933000320046643	933000320046643
933000320046644	933000320046644
933000320046645	933000320046645
933000320046646	933000320046646
933000320046647	933000320046647
933000320046649	933000320046649
933000320046650	933000320046650
933000320046676	933000320046676
933000320046677	933000320046677
933000320046678	933000320046678
933000320046679	933000320046679
933000320046680	933000320046680
933000320046681	933000320046681
933000320046682	933000320046682
933000320046683	933000320046683
933000320046684	933000320046684
933000320046685	933000320046685
933000320046687	933000320046687
933000320046688	933000320046688
933000320046689	933000320046689
933000320046690	933000320046690
933000320046691	933000320046691
933000320046694	933000320046694
933000320046695	933000320046695
933000320046696	933000320046696
933000320046697	933000320046697
933000320046726	933000320046726
933000320046727	933000320046727
933000320046728	933000320046728
933000320046730	933000320046730
933000320046731	933000320046731
933000320046732	933000320046732
933000320046733	933000320046733
933000320046736	933000320046736
933000320046738	933000320046738
933000320046740	933000320046740
933000320046741	933000320046741
933000320046742	933000320046742
933000320046743	933000320046743
933000320046744	933000320046744
933000320046745	933000320046745
933000320046746	933000320046746
933000320046748	933000320046748
933000320046749	933000320046749
933000320046750	933000320046750
933000320046751	933000320046751
933000320046776	933000320046776
933000320046777	933000320046777
933000320046778	933000320046778
933000320046779	933000320046779
933000320046780	933000320046780
933000320046781	933000320046781
933000320046782	933000320046782
933000320046784	933000320046784
933000320046785	933000320046785
933000320046787	933000320046787
933000320046788	933000320046788
933000320046789	933000320046789
933000320046790	933000320046790
933000320046791	933000320046791
933000320046792	933000320046792
933000320046793	933000320046793
933000320046794	933000320046794
933000320046795	933000320046795
933000320046796	933000320046796
933000320046797	933000320046797
933000320046798	933000320046798
933000320046799	933000320046799
933000320046800	933000320046800
933000320046851	933000320046851
933000320046852	933000320046852
933000320046854	933000320046854
933000320046855	933000320046855
933000320046856	933000320046856
933000320046857	933000320046857
933000320046858	933000320046858
933000320046859	933000320046859
933000320046860	933000320046860
933000320046861	933000320046861
933000320046862	933000320046862
933000320046863	933000320046863
933000320046864	933000320046864
933000320046865	933000320046865
933000320046866	933000320046866
933000320046867	933000320046867
933000320046868	933000320046868
933000320046869	933000320046869
933000320046870	933000320046870
933000320046871	933000320046871
933000320046873	933000320046873
933000320046874	933000320046874
933000320046875	933000320046875
933000320046886	933000320046886
933000320046891	933000320046891
933000320046976	933000320046976
933000320047303	933000320047303
933000320047310	933000320047310
933000320047314	933000320047314
933000320047315	933000320047315
933000320047317	933000320047317
933000320047353	933000320047353
933000320047358	933000320047358
933000320047360	933000320047360
933000320047362	933000320047362
933000320047364	933000320047364
933000320047365	933000320047365
933000320047368	933000320047368
933000320047375	933000320047375
933000320047377	933000320047377
933000320047378	933000320047378
933000320047379	933000320047379
933000320047380	933000320047380
933000320047382	933000320047382
933000320047388	933000320047388
933000320047389	933000320047389
933000320047390	933000320047390
933000320047391	933000320047391
933000320047394	933000320047394
933000320047395	933000320047395
933000320047396	933000320047396
933000320047398	933000320047398
933000320047399	933000320047399
933000320047402	933000320047402
933000320047403	933000320047403
933000320047404	933000320047404
933000320047405	933000320047405
933000320047406	933000320047406
933000320047407	933000320047407
933000320047409	933000320047409
933000320047412	933000320047412
933000320047413	933000320047413
933000320047414	933000320047414
933000320047415	933000320047415
933000320047416	933000320047416
933000320047417	933000320047417
933000320047418	933000320047418
933000320047419	933000320047419
933000320047420	933000320047420
933000320047421	933000320047421
933000320047422	933000320047422
933000320047423	933000320047423
933000320047424	933000320047424
933000320047425	933000320047425
933000320047426	933000320047426
933000320047427	933000320047427
933000320047428	933000320047428
933000320047429	933000320047429
933000320047430	933000320047430
933000320047431	933000320047431
933000320047432	933000320047432
933000320047433	933000320047433
933000320047434	933000320047434
933000320047436	933000320047436
933000320047437	933000320047437
933000320047438	933000320047438
933000320047439	933000320047439
933000320047440	933000320047440
933000320047441	933000320047441
933000320047442	933000320047442
933000320047443	933000320047443
933000320047444	933000320047444
933000320047445	933000320047445
933000320047446	933000320047446
933000320047447	933000320047447
933000320047448	933000320047448
933000320047449	933000320047449
933000320047450	933000320047450
933000320047501	933000320047501
933000320047503	933000320047503
933000320047504	933000320047504
933000320047505	933000320047505
933000320047506	933000320047506
933000320047507	933000320047507
933000320047509	933000320047509
933000320047510	933000320047510
933000320047511	933000320047511
933000320047512	933000320047512
933000320047513	933000320047513
933000320047514	933000320047514
933000320047515	933000320047515
933000320047516	933000320047516
933000320047517	933000320047517
933000320047518	933000320047518
933000320047519	933000320047519
933000320047520	933000320047520
933000320047521	933000320047521
933000320047522	933000320047522
933000320047523	933000320047523
933000320047525	933000320047525
933000320047602	933000320047602
933000320047603	933000320047603
933000320047604	933000320047604
933000320047607	933000320047607
933000320047608	933000320047608
933000320047613	933000320047613
933000320047614	933000320047614
933000320047617	933000320047617
933000320047618	933000320047618
933000320047620	933000320047620
933000320047621	933000320047621
933000320047623	933000320047623
933000320047624	933000320047624
933000320047625	933000320047625
933000320047627	933000320047627
933000320047628	933000320047628
933000320047629	933000320047629
933000320047630	933000320047630
933000320047631	933000320047631
933000320047637	933000320047637
933000320047641	933000320047641
933000320047642	933000320047642
933000320047643	933000320047643
933000320047644	933000320047644
933000320047647	933000320047647
933000320047648	933000320047648
933000320047650	933000320047650
933000320047680	933000320047680
933000320047681	933000320047681
933000320047682	933000320047682
933000320047683	933000320047683
933000320047687	933000320047687
933000320047693	933000320047693
933000320047697	933000320047697
933000320047700	933000320047700
933000320047751	933000320047751
933000320047761	933000320047761
933000320047763	933000320047763
933000320047765	933000320047765
933000320047766	933000320047766
933000320047772	933000320047772
933000320047773	933000320047773
933000320047774	933000320047774
933000320047778	933000320047778
933000320047787	933000320047787
933000320047789	933000320047789
933000320047792	933000320047792
933000320047793	933000320047793
933000320047796	933000320047796
933000320047845	933000320047845
933000320047848	933000320047848
933000320047926	933000320047926
933000320047927	933000320047927
933000320047929	933000320047929
933000320047930	933000320047930
933000320047931	933000320047931
933000320047933	933000320047933
933000320047944	933000320047944
933000320047946	933000320047946
933000320047981	933000320047981
933000320047983	933000320047983
933000320047984	933000320047984
933000320047985	933000320047985
933000320047988	933000320047988
933000320047989	933000320047989
933000320047990	933000320047990
933000320047991	933000320047991
933000320047992	933000320047992
933000320047993	933000320047993
933000320047994	933000320047994
933000320047995	933000320047995
933000320047999	933000320047999
933000320048001	933000320048001
933000320048002	933000320048002
933000320048004	933000320048004
933000320048006	933000320048006
933000320048007	933000320048007
933000320048008	933000320048008
933000320048009	933000320048009
933000320048010	933000320048010
933000320048011	933000320048011
933000320048012	933000320048012
933000320048013	933000320048013
933000320048017	933000320048017
933000320048020	933000320048020
933000320048021	933000320048021
933000320048023	933000320048023
933000320048025	933000320048025
933000320048331	933000320048331
933000320048338	933000320048338
933000320048339	933000320048339
933000320048346	933000320048346
933000320048352	933000320048352
933000320048353	933000320048353
933000320048354	933000320048354
933000320048355	933000320048355
933000320048359	933000320048359
933000320048360	933000320048360
933000320048361	933000320048361
933000320048362	933000320048362
933000320048363	933000320048363
933000320048364	933000320048364
933000320048366	933000320048366
933000320048367	933000320048367
933000320048369	933000320048369
933000320048371	933000320048371
933000320048372	933000320048372
933000320048374	933000320048374
933000320048478	933000320048478
933000320048481	933000320048481
933000320048482	933000320048482
933000320048491	933000320048491
933000320048504	933000320048504
933000320048505	933000320048505
933000320048507	933000320048507
933000320048509	933000320048509
933000320048511	933000320048511
933000320048513	933000320048513
933000320048514	933000320048514
933000320048521	933000320048521
933000320048751	933000320048751
933000320048753	933000320048753
933000320048755	933000320048755
933000320048761	933000320048761
933000320048766	933000320048766
933000320048771	933000320048771
933000320048773	933000320048773
933000320048774	933000320048774
933000320048827	933000320048827
933000320048834	933000320048834
933000320048838	933000320048838
933000320048842	933000320048842
933000320048846	933000320048846
933000320048847	933000320048847
933000320048848	933000320048848
933000320048849	933000320048849
933000320049002	933000320049002
933000320049005	933000320049005
933000320049007	933000320049007
933000320049013	933000320049013
933000320049014	933000320049014
933000320049018	933000320049018
933000320049019	933000320049019
933000320049020	933000320049020
933000320049021	933000320049021
933000320049022	933000320049022
933000320049024	933000320049024
933000320049025	933000320049025
933000320186804	933000320186804
933000320186806	933000320186806
933000320186807	933000320186807
933000320186808	933000320186808
933000320186812	933000320186812
933000320186813	933000320186813
933000320186815	933000320186815
933000320186816	933000320186816
933000320186822	933000320186822
933000320186824	933000320186824
933000320186825	933000320186825
933000320186834	933000320186834
933000320186837	933000320186837
933000320186843	933000320186843
933000320186848	933000320186848
933000320186851	933000320186851
933000320186852	933000320186852
933000320186854	933000320186854
933000320186855	933000320186855
933000320186857	933000320186857
933000320186858	933000320186858
933000320186863	933000320186863
933000320186864	933000320186864
933000320186866	933000320186866
933000320186869	933000320186869
933000320186870	933000320186870
933000320186871	933000320186871
933000320186872	933000320186872
933000320186873	933000320186873
933000320186875	933000320186875
933000320186901	933000320186901
933000320186902	933000320186902
933000320186903	933000320186903
933000320186904	933000320186904
933000320186905	933000320186905
933000320186906	933000320186906
933000320186907	933000320186907
933000320186908	933000320186908
933000320186909	933000320186909
933000320186912	933000320186912
933000320186913	933000320186913
933000320186914	933000320186914
933000320186915	933000320186915
933000320186916	933000320186916
933000320186917	933000320186917
933000320186921	933000320186921
933000320186923	933000320186923
933000320186925	933000320186925
933000320187026	933000320187026
933000320187028	933000320187028
933000320187029	933000320187029
933000320187030	933000320187030
933000320187031	933000320187031
933000320187032	933000320187032
933000320187038	933000320187038
933000320187039	933000320187039
933000320187040	933000320187040
933000320187041	933000320187041
933000320187043	933000320187043
933000320187049	933000320187049
933000320187050	933000320187050
933000320187051	933000320187051
933000320187052	933000320187052
933000320187054	933000320187054
933000320187055	933000320187055
933000320187056	933000320187056
933000320187059	933000320187059
933000320187060	933000320187060
933000320187061	933000320187061
933000320187062	933000320187062
933000320187063	933000320187063
933000320187064	933000320187064
933000320187066	933000320187066
933000320187067	933000320187067
933000320187068	933000320187068
933000320187069	933000320187069
933000320187070	933000320187070
933000320187071	933000320187071
933000320187072	933000320187072
933000320187073	933000320187073
933000320187074	933000320187074
933000320187075	933000320187075
933000320187126	933000320187126
933000320187132	933000320187132
933000320187133	933000320187133
933000320187134	933000320187134
933000320187135	933000320187135
933000320187136	933000320187136
933000320187137	933000320187137
933000320187138	933000320187138
933000320187140	933000320187140
933000320187142	933000320187142
933000320187143	933000320187143
933000320187144	933000320187144
933000320187145	933000320187145
933000320187146	933000320187146
933000320187558	933000320187558
933000320187560	933000320187560
933000320187561	933000320187561
933000320187562	933000320187562
933000320187563	933000320187563
933000320187568	933000320187568
933000320187570	933000320187570
933000320187573	933000320187573
933000320187576	933000320187576
933000320187577	933000320187577
933000320187579	933000320187579
933000320187582	933000320187582
933000320187585	933000320187585
933000320187586	933000320187586
933000320187588	933000320187588
933000320187589	933000320187589
933000320187590	933000320187590
933000320187592	933000320187592
933000320187595	933000320187595
933000320187598	933000320187598
